-23639,-185720,-158361,787946,382996,-1413654,1745274,767340,-4644480,5879076,-238947,-10558540,17245182,-8807584,-15646251,39757694,-37310547,-6026647,71637388,-107463705,56199102,102404035,-325008490,516149247,1544130268,531827336,-325295421,98394466,59665514,-108533017,70690556,-4483956,-38238459,39726873,-15062395,-9341031,17402623,-10400548,-464829,5988438,-4619413,693713,1788007,-1411318,361767,797713,-153130,-188002,-24395,-651,
-22900,-183431,-163453,778030,403940,-1415222,1702055,840007,-4666917,5767378,-14431,-10709842,17079324,-8272378,-16218316,39766478,-36366937,-7557852,72539371,-106340918,52723926,106325122,-324544222,500512392,1543842702,547542074,-325402896,94297877,63121202,-109547950,69699155,-2930576,-39150074,39673913,-14467004,-9872416,17551509,-10235908,-691965,6095386,-4591707,619157,1830226,-1408211,340259,807324,-147759,-190275,-25169,-151,
-22179,-181135,-168406,767971,424591,-1416031,1658376,911685,-4686730,5653419,208606,-10854415,16905190,-7735718,-16778341,39753338,-35408233,-9076788,73396253,-105165584,49241940,110156326,-323904795,484921325,1543267666,563288845,-325328853,90115781,66564197,-110507627,68663492,-1367313,-40044799,39598723,-13860345,-10401434,17691707,-10064669,-920238,6199847,-4561358,543705,1871907,-1404325,318480,816774,-142248,-192538,-25961,-168,
-21474,-178835,-173222,757773,444945,-1416085,1614263,982345,-4703930,5537278,430055,-10992221,16722925,-7197906,-17326083,39718401,-34435044,-10582679,74207805,-103938654,45755089,113896300,-323092442,469380565,1542405357,579063004,-325071292,85849750,69992526,-111411193,67583898,205018,-40922046,39501224,-13242690,-10927778,17823087,-9886882,-1149534,6301747,-4528361,467387,1913021,-1399658,296437,826058,-136598,-194791,-26772,-186,
-20787,-176530,-177899,747444,464993,-1415392,1569743,1051957,-4718527,5419030,649806,-11123229,16532678,-6659243,-17861311,39661802,-33447986,-12074763,74973827,-102661100,42265306,117543754,-322109453,453894597,1541256067,594859881,-324628271,81501412,73404210,-112257820,66460732,1785591,-41781236,39381350,-12614320,-11451143,17945523,-9702603,-1379734,6401010,-4492714,390237,1953543,-1394203,274137,835169,-130807,-197032,-27601,-206,
-20116,-174222,-182439,736987,484730,-1413958,1524843,1120494,-4730532,5298756,867752,-11247413,16334602,-6120031,-18383798,39583690,-32447676,-13552288,75694142,-101333918,38774517,121097457,-320958170,438467867,1539820185,610674777,-323997914,77072447,76797267,-113046707,65294377,3373573,-42621796,39239046,-11975522,-11971223,18058893,-9511890,-1610719,6497567,-4454417,312289,1993446,-1387957,251589,844103,-124876,-199259,-28448,-227,
-19462,-171911,-186843,726410,504151,-1411791,1479588,1187930,-4739961,5176533,1083789,-11364747,16128852,-5580568,-18893328,39484225,-31434738,-15014516,76368603,-99958124,35284633,124556234,-319640989,423104783,1538098199,626502974,-323178406,72564592,80169711,-113777080,64085244,4968121,-43443158,39074271,-11326593,-12487712,18163081,-9314808,-1842369,6591344,-4413468,233578,2032705,-1380915,228800,852852,-118805,-201472,-29315,-250,
-18824,-169600,-191110,715718,523249,-1408898,1434006,1254238,-4746826,5052442,1297812,-11475211,15915586,-5041151,-19389693,39363575,-30409797,-16460718,76997086,-98534756,31797554,127918967,-318160355,407809713,1536090693,642339729,-322167997,67979635,83519556,-114448191,62833768,6568384,-44244766,38886993,-10667835,-13000304,18257973,-9111423,-2074564,6682271,-4369870,154137,2071292,-1373074,205778,861412,-112594,-203669,-30200,-274,
-18201,-167288,-195243,704915,542019,-1405287,1388122,1319394,-4751145,4926561,1509720,-11578790,15694966,-4502076,-19872693,39221922,-29373485,-17890182,77579494,-97064872,28315167,131184598,-316518767,392586982,1533798347,658180281,-320965004,63319422,86844814,-115059321,61540411,8173504,-45026068,38677194,-9999557,-13508694,18343461,-8901806,-2307179,6770279,-4323626,74004,2109183,-1364431,182532,869777,-106242,-205850,-31105,-300,
-17595,-164977,-199241,694009,560456,-1400966,1341962,1383372,-4752934,4798972,1719412,-11675471,15467159,-3963636,-20342137,39059457,-28326433,-19302206,78115755,-95549548,24839343,134352125,-314718768,377440874,1531221939,674019849,-319567807,58585849,90143497,-115609781,60205662,9782615,-45786523,38444871,-9322078,-14012578,18419441,-8686032,-2540093,6855299,-4274740,-6786,2146352,-1354983,159070,877941,-99750,-208012,-32030,-328,
-17004,-162667,-203105,683004,578554,-1395944,1295554,1446149,-4752211,4669754,1926792,-11765246,15232330,-3426123,-20797841,38876382,-27269276,-20696102,78605824,-93989879,21371939,137420606,-312762952,362375625,1528362341,689853637,-317974858,53780863,93413619,-116098908,58830031,11394844,-46525598,38190029,-8635720,-14511650,18485815,-8464181,-2773179,6937265,-4223218,-88195,2182772,-1344728,135402,885899,-93118,-210155,-32974,-357,
-16428,-160360,-206836,671906,596310,-1390230,1248923,1507703,-4748996,4538989,2131762,-11848109,14990652,-2889826,-21239632,38672910,-26202653,-22071196,79049682,-92386978,17914795,140389154,-310653956,347395426,1525220524,705676836,-316184675,48906467,96653198,-116526072,57414059,13009313,-47242767,37912689,-7940815,-15005608,18542486,-8236334,-3006314,7016109,-4169069,-170186,2218419,-1333663,111535,893644,-86347,-212277,-33938,-388,
-15867,-158056,-210436,660721,613719,-1383832,1202094,1568011,-4743311,4406757,2334229,-11924061,14742298,-2355032,-21667343,38449262,-25127203,-23426828,79447333,-90741977,14469734,143256942,-308394464,332504419,1521797551,721484621,-314195845,43964712,99860251,-116890672,55958308,14625136,-47937516,37612883,-7237699,-15494150,18589367,-8002579,-3239369,7091768,-4112300,-252720,2253266,-1321787,87479,901172,-79436,-214377,-34923,-421,
-15321,-155757,-213904,649454,630775,-1376759,1155094,1627052,-4735176,4273140,2534100,-11993105,14487444,-1822025,-22080819,38205672,-24043565,-24762352,79798809,-89056022,11038562,146023203,-305987201,317706697,1518094582,737272160,-312007028,38957701,103032805,-117192136,54463367,16241424,-48609340,37290655,-6526716,-15976974,18626371,-7763006,-3472219,7164178,-4052922,-335759,2287290,-1309099,63244,908476,-72386,-216454,-35927,-456,
-14789,-153462,-217243,638110,647476,-1369021,1107948,1684807,-4724615,4138219,2731285,-12055247,14226268,-1291088,-22479911,37942381,-22952383,-26077136,80104166,-87330275,7623065,148687224,-303434934,303006301,1514112871,753034609,-309616953,33887586,106168889,-117429926,52929849,17857280,-49257744,36946064,-5808215,-16453783,18653419,-7517709,-3704735,7233275,-3990948,-419262,2320464,-1295598,38838,915551,-65198,-218505,-36952,-493,
-14271,-151173,-220452,626695,663816,-1360628,1060682,1741255,-4711652,4002076,2925697,-12110497,13958952,-762499,-22864479,37659641,-21854299,-27370563,80363485,-85565915,4225011,151248353,-300740472,288407222,1509853765,768767118,-307024423,28756569,109266539,-117603535,51358392,19471806,-49882243,36579180,-5082554,-16924277,18670436,-7266785,-3936788,7299000,-3926391,-503190,2352764,-1281283,14272,922392,-57871,-220531,-37998,-533,
-13768,-148892,-223533,615214,679793,-1351590,1013322,1796379,-4696312,3864792,3117249,-12158870,13685679,-236534,-23234393,37357713,-20749956,-28642033,80576873,-83764134,846144,153705996,-297906662,273913394,1505318707,784464834,-304228314,23566901,112323800,-117712486,49749660,21084096,-50482363,36190086,-4350094,-17388160,18677352,-7010336,-4168250,7361293,-3859265,-587501,2384166,-1266154,-10445,928992,-50408,-222529,-39065,-574,
-13278,-146617,-226488,603673,695403,-1341916,965891,1850160,-4678621,3726449,3305857,-12200383,13406634,286532,-23589531,37036867,-19639997,-29890959,80744460,-81926138,-2511808,156059615,-294936387,259528698,1500509230,800122896,-301227575,18320879,115338724,-117756337,48104338,22693244,-51057641,35778878,-3611202,-17845139,18674103,-6748469,-4398990,7420096,-3789587,-672155,2414646,-1250212,-35302,935348,-42808,-224498,-40152,-618,
-12801,-144351,-229316,592076,710642,-1331618,918416,1902582,-4658608,3587128,3491441,-12235059,13122004,806432,-23929781,36697383,-18525066,-31116770,80866402,-80053146,-5847143,158308732,-291832568,245256956,1495426960,815736446,-298021231,13020849,118309376,-117734678,46423137,24298338,-51607625,35345666,-2866253,-18294922,18660628,-6481291,-4628878,7475352,-3717375,-757110,2444179,-1233458,-60289,941452,-35071,-226436,-41261,-665,
-12338,-142093,-232020,580430,725508,-1320705,870920,1953629,-4636300,3446912,3673920,-12262921,12831979,1322898,-24255038,36339547,-17405803,-32318911,80942878,-78146388,-9158180,160452926,-288598159,231101936,1490073615,831300625,-294608381,7669201,121233828,-117647132,44706792,25898466,-52131875,34890570,-2115624,-18737218,18636875,-6208915,-4857783,7527006,-3642648,-842324,2472742,-1215892,-85397,947301,-27200,-228342,-42391,-714,
-11888,-139845,-234601,568738,739997,-1309189,823429,2003285,-4611726,3305880,3853218,-12284000,12536750,1835667,-24565208,35963659,-16282851,-33496843,80974091,-76207108,-12443263,162491832,-285236148,217067342,1484451004,846810574,-290988202,2268373,124110167,-117493356,42956061,27492712,-52629964,34413725,-1359701,-19171742,18602793,-5931458,-5085575,7575004,-3565428,-927753,2500312,-1197517,-110614,952888,-19195,-230215,-43542,-765,
-11450,-137608,-237059,557007,754107,-1297080,775967,2051537,-4584918,3164115,4029259,-12298326,12236510,2344479,-24860203,35570021,-15156848,-34650044,80960270,-74236558,-15700758,164425143,-281749554,203156822,1478561026,862261443,-287159948,-3179154,126936492,-117273043,41171725,29080159,-53101474,33915278,-598871,-19598207,18558341,-5649038,-5312122,7619295,-3485736,-1013355,2526865,-1178334,-135929,958208,-11056,-232053,-44715,-820,
-11026,-135381,-239396,545242,767835,-1284390,728558,2098371,-4555906,3021698,4201971,-12305937,11931453,2849079,-25139947,35158947,-14028434,-35778007,80901666,-72236002,-18929058,166252611,-278141427,189373958,1472405669,877648384,-283122948,-8670855,129710915,-116985918,39354587,30659888,-53546004,33395390,166470,-20016333,18503479,-5361781,-5537292,7659829,-3403598,-1099086,2552379,-1158346,-161333,963256,-2785,-233855,-45910,-877,
-10613,-133166,-241614,533446,781180,-1271130,681225,2143775,-4524723,2878709,4371284,-12306870,11621775,3349215,-25404371,34730759,-12898244,-36880243,80798552,-70206712,-22126581,167974043,-274414843,175722272,1465987008,892966558,-278876614,-14204164,132431566,-116631741,37505473,32230981,-53963162,32854234,935923,-20425840,18438176,-5069811,-5760954,7696556,-3319037,-1184901,2576832,-1137557,-186813,968027,5617,-235619,-47126,-937,
-10212,-130963,-243713,521626,794138,-1257312,633993,2187736,-4491401,2735229,4537130,-12301168,11307674,3844639,-25653415,34285785,-11766912,-37956278,80651225,-68149969,-25291770,169589302,-270572908,162205222,1459307210,908211137,-274420432,-19776470,135096590,-116210310,35625233,33792520,-54352572,32291995,1709087,-20826454,18362405,-4773259,-5982977,7729430,-3232082,-1270757,2600201,-1115968,-212359,972516,14150,-237343,-48365,-1000,
-9824,-128773,-245696,509787,806709,-1242947,586884,2230245,-4455976,2591338,4699443,-12288877,10989347,4335106,-25887029,33824361,-10635068,-39005658,80460007,-66067062,-28423098,171098308,-266618753,148826198,1452368524,923377304,-269753972,-25385123,137704148,-115721455,33714737,35343584,-54713869,31708871,2485553,-21217902,18276145,-4472259,-6203227,7758406,-3142761,-1356608,2622465,-1093585,-237959,976718,22810,-239027,-49625,-1067,
-9446,-126596,-247562,497932,818890,-1228047,539923,2271290,-4418481,2447116,4858159,-12270046,10666994,4820378,-26105169,33346831,-9503340,-40027942,80225239,-63959287,-31519063,172501037,-262555531,135588527,1445173287,938460255,-264876881,-31027433,140252421,-115165044,31774877,36883257,-55046703,31105074,3264909,-21599915,18179379,-4166947,-6421574,7783441,-3051103,-1442409,2643603,-1070411,-263602,980628,31598,-240668,-50908,-1137,
-9080,-124433,-249315,486068,830681,-1212624,493130,2310864,-4378952,2302642,5013219,-12244728,10340816,5300218,-26307804,32853545,-8372352,-41022710,79947286,-61827945,-34578192,173797520,-258386419,122495466,1437723922,953455203,-259788888,-36700671,142739610,-114540981,29806565,38410623,-55350738,30480827,4046739,-21972229,18072100,-3857463,-6637887,7804492,-2957141,-1528114,2663593,-1046452,-289276,984241,40513,-242264,-52213,-1210,
-8726,-122285,-250954,474198,842079,-1196690,446530,2348958,-4337427,2157996,5164563,-12212978,10011013,5774395,-26494908,32344862,-7242726,-41989557,79626534,-59674344,-37599041,174987844,-254114616,109550204,1430022934,968357377,-254489804,-42402070,145163935,-113849205,27810735,39924766,-55625652,29836367,4830626,-22334581,17954301,-3543951,-6852033,7821521,-2860907,-1613678,2682417,-1021712,-314970,987552,49551,-243815,-53540,-1287,
-8382,-120152,-252482,462327,853084,-1180257,400143,2385564,-4293942,2013255,5312136,-12174855,9677788,6242682,-26666465,31821144,-6115078,-42928098,79263392,-57499797,-40580196,176072149,-249743339,96755860,1422072912,983162026,-248979518,-48128827,147523639,-113089693,25788342,41424775,-55871138,29171943,5616145,-22686716,17825986,-3226556,-7063882,7834490,-2762435,-1699054,2700052,-996197,-340671,990557,58712,-245319,-54890,-1368,
-8048,-118034,-253901,450460,863695,-1163339,353993,2420676,-4248536,1868498,5455884,-12130421,9341344,6704858,-26822469,31282763,-4990019,-43837963,78858287,-55305620,-43520273,177050632,-245275823,84115485,1413876526,997864421,-243258005,-53878101,149816987,-112262458,23740360,42909742,-56086901,28487815,6402871,-23028379,17687162,-2905429,-7273304,7843364,-2661762,-1784196,2716481,-969913,-366367,993251,67995,-246774,-56262,-1452,
-7725,-115932,-255211,438602,873912,-1145947,308099,2454288,-4201246,1723801,5595756,-12079740,9001884,7160705,-26962920,30730094,-3868158,-44718801,78411671,-53093132,-46417918,177923540,-240715320,71632055,1405436527,1012459853,-237325321,-59647018,152042267,-111367550,21667782,44378760,-56272666,27784257,7190375,-23359324,17537843,-2580721,-7480168,7848107,-2558925,-1869056,2731684,-942867,-392047,995629,77397,-248178,-57656,-1541,
-7413,-113847,-256414,426757,883733,-1128094,262485,2486396,-4152114,1579243,5731703,-12022881,8659611,7610010,-27087830,30163520,-2750097,-45570279,77924012,-50863656,-49271808,178691178,-236065096,59308476,1396755747,1026943643,-231181604,-65432672,154197794,-110405057,19571620,45830928,-56428168,27061555,7978225,-23679304,17378047,-2252588,-7684344,7848690,-2453963,-1953589,2745642,-915065,-417699,997687,86917,-249530,-59073,-1633,
-7110,-111779,-257511,414928,893159,-1109793,217170,2516995,-4101178,1434898,5863680,-11959914,8314729,8052566,-27197216,29583428,-1636432,-46392083,77395802,-48618516,-52080653,179353899,-231328433,47147580,1387837095,1041311133,-224827075,-71232120,156281907,-109375104,17452906,47265349,-56553160,26320008,8765986,-23988082,17207801,-1921188,-7885705,7845081,-2346915,-2037746,2758337,-886516,-443309,999421,96552,-250828,-60513,-1730,
-6817,-109727,-258505,403122,902189,-1091056,172175,2546082,-4048480,1290842,5991641,-11890913,7967442,8488169,-27291105,28990213,-527757,-47183914,76827551,-46359037,-54843194,179912111,-226508621,35152123,1378683558,1055557697,-218262041,-77042393,158292972,-108277854,15312689,48681131,-56647411,25559925,9553222,-24285422,17027135,-1586681,-8084120,7837254,-2237825,-2121480,2769753,-857226,-468865,1000826,106302,-252071,-61975,-1831,
-6533,-107694,-259396,391341,910823,-1071897,127521,2573654,-3994061,1147151,6115547,-11815955,7617955,8916622,-27369533,28384271,575345,-47945494,76219787,-44086546,-57558205,180366274,-221608964,23324789,1369298198,1069678739,-211486888,-82860488,160229384,-107113506,13152036,50077388,-56710706,24781628,10339495,-24571095,16836087,-1249233,-8279464,7825182,-2126734,-2204744,2779871,-827205,-494355,1001898,116163,-253257,-63459,-1937,
-6259,-105679,-260187,379591,919063,-1052329,83226,2599711,-3937963,1003898,6235357,-11735118,7266472,9337732,-27432543,27766006,1672293,-48676562,75573058,-41802367,-60224492,180716899,-216632771,11668184,1359684154,1083669695,-204502090,-88683374,162089566,-105882298,10972031,51453239,-56742843,23985452,11124362,-24844876,16634699,-909008,-8471609,7808844,-2013688,-2287490,2788676,-796461,-519766,1002634,126133,-254384,-64967,-2047,
-5993,-103682,-260879,367874,926907,-1032364,39311,2624252,-3880228,861155,6351037,-11648485,6913196,9751311,-27480188,27135827,2762515,-49376876,74887933,-39507825,-62840898,180964546,-211583362,184838,1349844637,1097526034,-197308202,-94507995,163871970,-104584506,8773775,52807810,-56743641,23171743,11907382,-25106547,16423022,-566177,-8660429,7788216,-1898732,-2369670,2796150,-765003,-545086,1003028,136211,-255450,-66497,-2163,
-5737,-101704,-261473,356196,934358,-1012015,-4206,2647276,-3820900,718997,6462552,-11556140,6558330,10157177,-27512528,26494145,3845444,-50046211,74164995,-37204243,-65406296,181109826,-206464061,-11122797,1339782930,1111243263,-189905865,-100331264,165575081,-103220444,6558385,54140235,-56712931,22340857,12688111,-25355894,16201109,-220910,-8845799,7763281,-1781914,-2451236,2802280,-732841,-570301,1003078,146394,-256454,-68049,-2283,
-5489,-99745,-261972,344560,941415,-991297,-47305,2668784,-3760023,577493,6569872,-11458171,6202079,10555153,-27529631,25841376,4920522,-50684362,73404846,-34892941,-67919594,181153399,-201278197,-22252345,1329502388,1124816924,-182295803,-106150071,167197415,-101790463,4326994,55449655,-56650563,21493164,13466104,-25592708,15969023,126618,-9027597,7734022,-1663282,-2532141,2807050,-699985,-595399,1002780,156680,-257395,-69624,-2408,
-5250,-97806,-262376,332970,948079,-970222,-89969,2688778,-3697640,436715,6672966,-11354666,5844645,10945067,-27531574,25177940,5987195,-51291140,72608107,-32575235,-70379738,181095975,-196029099,-33201511,1319006436,1138242601,-174478826,-111961284,168737519,-100294954,2080750,56735218,-56556403,20629043,14240915,-25816788,15726831,476231,-9205698,7700423,-1542887,-2612335,2810446,-666446,-620366,1002129,167066,-258270,-71222,-2539,
-5019,-95887,-262687,321431,954353,-948804,-132179,2707261,-3633795,296733,6771809,-11245719,5486230,11326754,-27518440,24504262,7044922,-51866377,71775414,-30252440,-72785706,180938311,-190720102,-43968078,1308298565,1151515917,-166455826,-117761746,170193977,-98734343,-179186,57996083,-56430335,19748886,15012096,-26027938,15474605,827752,-9379982,7662473,-1420780,-2691772,2812454,-632236,-645189,1001123,177550,-259077,-72842,-2675,
-4796,-93987,-262908,309944,960237,-927055,-173918,2724235,-3568535,157614,6866378,-11131423,5127035,11700052,-27490322,23820768,8093164,-52409921,70907421,-27925863,-75136512,180681210,-185354537,-54549909,1297382336,1164632539,-158227781,-123548278,171565406,-97109096,-2451637,59231417,-56272259,18853095,15779202,-26225966,15212425,1180998,-9550329,7620162,-1297013,-2770404,2813062,-597364,-669856,999759,188129,-259816,-74484,-2816,
-4581,-92108,-263039,298515,965732,-904989,-215169,2739705,-3501904,19428,6956650,-11011875,4767262,12064807,-27447320,23127888,9131394,-52921640,70004795,-25596808,-77431206,180325524,-179935735,-64944948,1286261372,1177588178,-149795752,-129317682,172850458,-95419718,-4735412,60440395,-56082093,17942085,16541785,-26410689,14940375,1535788,-9716620,7573482,-1171641,-2848181,2812256,-561844,-694353,998032,198801,-260484,-76148,-2964,
-4373,-90250,-263083,287147,970840,-882620,-255916,2753675,-3433948,-117759,7042608,-10887174,4407108,12420869,-27389541,22426055,10159092,-53401420,69068222,-23266572,-79668874,179872150,-174467024,-75151219,1274939363,1190378593,-141160885,-135066742,174047823,-93666749,-7029310,61622206,-55859772,17016277,17299397,-26581928,14658548,1891936,-9878737,7522427,-1044718,-2925057,2810026,-525688,-718668,995940,209562,-261080,-77835,-3117,
-4173,-88412,-263041,275844,975564,-859961,-296141,2766151,-3364713,-253882,7124234,-10757422,4046774,12768094,-27317100,21715705,11175746,-53849163,68098401,-20936447,-81848639,179322028,-168951726,-85166829,1263420060,1202999589,-132324410,-140792224,175156227,-91850770,-9332115,62776045,-55605248,16076108,18051591,-26739514,14367040,2249255,-10036564,7466995,-916302,-3000984,2806360,-488908,-742785,993480,220410,-261602,-79544,-3277,
-3980,-86596,-262915,264608,979904,-837026,-335829,2777139,-3294245,-388876,7201515,-10622720,3686456,13106345,-27230121,20997276,12180855,-54264793,67096045,-18607716,-83969660,178676145,-163393157,-94989964,1251707273,1215447021,-123287642,-146490878,176174436,-89972398,-11642602,63901122,-55318491,15122021,18797921,-26883281,14065953,2607558,-10189988,7407184,-786451,-3075913,2801248,-451518,-766693,990649,231341,-262048,-81274,-3443,
-3794,-84800,-262706,253444,983864,-813827,-374964,2786646,-3222591,-522676,7274439,-10483176,3326352,13435488,-27128731,20271208,13173925,-54648248,66061884,-16281655,-86031132,177935530,-157794628,-104618896,1239804876,1227716797,-114051976,-152159438,177101256,-88032288,-13959531,64996658,-54999489,14154472,19537942,-27013070,13755398,2966655,-10338896,7342998,-655222,-3149798,2794679,-413533,-790378,987445,242354,-262417,-83026,-3615,
-3615,-83026,-262417,242354,987445,-790378,-413533,2794679,-3149798,-655222,7342998,-10338896,2966655,13755398,-27013070,19537942,14154472,-54999489,64996658,-13959531,-88032288,177101256,-152159438,-114051976,1227716797,1239804876,-104618896,-157794628,177935530,-86031132,-16281655,66061884,-54648248,13173925,20271208,-27128731,13435488,3326352,-10483176,7274439,-522676,-3222591,2786646,-374964,-813827,983864,253444,-262706,-84800,-3794,
-3443,-81274,-262048,231341,990649,-766693,-451518,2801248,-3075913,-786451,7407184,-10189988,2607558,14065953,-26883281,18797921,15122021,-55318491,63901122,-11642602,-89972398,176174436,-146490878,-123287642,1215447021,1251707273,-94989964,-163393157,178676145,-83969660,-18607716,67096045,-54264793,12180855,20997276,-27230121,13106345,3686456,-10622720,7201515,-388876,-3294245,2777139,-335829,-837026,979904,264608,-262915,-86596,-3980,
-3277,-79544,-261602,220410,993480,-742785,-488908,2806360,-3000984,-916302,7466995,-10036564,2249255,14367040,-26739514,18051591,16076108,-55605248,62776045,-9332115,-91850770,175156227,-140792224,-132324410,1202999589,1263420060,-85166829,-168951726,179322028,-81848639,-20936447,68098401,-53849163,11175746,21715705,-27317100,12768094,4046774,-10757422,7124234,-253882,-3364713,2766151,-296141,-859961,975564,275844,-263041,-88412,-4173,
-3117,-77835,-261080,209562,995940,-718668,-525688,2810026,-2925057,-1044718,7522427,-9878737,1891936,14658548,-26581928,17299397,17016277,-55859772,61622206,-7029310,-93666749,174047823,-135066742,-141160885,1190378593,1274939363,-75151219,-174467024,179872150,-79668874,-23266572,69068222,-53401420,10159092,22426055,-27389541,12420869,4407108,-10887174,7042608,-117759,-3433948,2753675,-255916,-882620,970840,287147,-263083,-90250,-4373,
-2964,-76148,-260484,198801,998032,-694353,-561844,2812256,-2848181,-1171641,7573482,-9716620,1535788,14940375,-26410689,16541785,17942085,-56082093,60440395,-4735412,-95419718,172850458,-129317682,-149795752,1177588178,1286261372,-64944948,-179935735,180325524,-77431206,-25596808,70004795,-52921640,9131394,23127888,-27447320,12064807,4767262,-11011875,6956650,19428,-3501904,2739705,-215169,-904989,965732,298515,-263039,-92108,-4581,
-2816,-74484,-259816,188129,999759,-669856,-597364,2813062,-2770404,-1297013,7620162,-9550329,1180998,15212425,-26225966,15779202,18853095,-56272259,59231417,-2451637,-97109096,171565406,-123548278,-158227781,1164632539,1297382336,-54549909,-185354537,180681210,-75136512,-27925863,70907421,-52409921,8093164,23820768,-27490322,11700052,5127035,-11131423,6866378,157614,-3568535,2724235,-173918,-927055,960237,309944,-262908,-93987,-4796,
-2675,-72842,-259077,177550,1001123,-645189,-632236,2812454,-2691772,-1420780,7662473,-9379982,827752,15474605,-26027938,15012096,19748886,-56430335,57996083,-179186,-98734343,170193977,-117761746,-166455826,1151515917,1308298565,-43968078,-190720102,180938311,-72785706,-30252440,71775414,-51866377,7044922,24504262,-27518440,11326754,5486230,-11245719,6771809,296733,-3633795,2707261,-132179,-948804,954353,321431,-262687,-95887,-5019,
-2539,-71222,-258270,167066,1002129,-620366,-666446,2810446,-2612335,-1542887,7700423,-9205698,476231,15726831,-25816788,14240915,20629043,-56556403,56735218,2080750,-100294954,168737519,-111961284,-174478826,1138242601,1319006436,-33201511,-196029099,181095975,-70379738,-32575235,72608107,-51291140,5987195,25177940,-27531574,10945067,5844645,-11354666,6672966,436715,-3697640,2688778,-89969,-970222,948079,332970,-262376,-97806,-5250,
-2408,-69624,-257395,156680,1002780,-595399,-699985,2807050,-2532141,-1663282,7734022,-9027597,126618,15969023,-25592708,13466104,21493164,-56650563,55449655,4326994,-101790463,167197415,-106150071,-182295803,1124816924,1329502388,-22252345,-201278197,181153399,-67919594,-34892941,73404846,-50684362,4920522,25841376,-27529631,10555153,6202079,-11458171,6569872,577493,-3760023,2668784,-47305,-991297,941415,344560,-261972,-99745,-5489,
-2283,-68049,-256454,146394,1003078,-570301,-732841,2802280,-2451236,-1781914,7763281,-8845799,-220910,16201109,-25355894,12688111,22340857,-56712931,54140235,6558385,-103220444,165575081,-100331264,-189905865,1111243263,1339782930,-11122797,-206464061,181109826,-65406296,-37204243,74164995,-50046211,3845444,26494145,-27512528,10157177,6558330,-11556140,6462552,718997,-3820900,2647276,-4206,-1012015,934358,356196,-261473,-101704,-5737,
-2163,-66497,-255450,136211,1003028,-545086,-765003,2796150,-2369670,-1898732,7788216,-8660429,-566177,16423022,-25106547,11907382,23171743,-56743641,52807810,8773775,-104584506,163871970,-94507995,-197308202,1097526034,1349844637,184838,-211583362,180964546,-62840898,-39507825,74887933,-49376876,2762515,27135827,-27480188,9751311,6913196,-11648485,6351037,861155,-3880228,2624252,39311,-1032364,926907,367874,-260879,-103682,-5993,
-2047,-64967,-254384,126133,1002634,-519766,-796461,2788676,-2287490,-2013688,7808844,-8471609,-909008,16634699,-24844876,11124362,23985452,-56742843,51453239,10972031,-105882298,162089566,-88683374,-204502090,1083669695,1359684154,11668184,-216632771,180716899,-60224492,-41802367,75573058,-48676562,1672293,27766006,-27432543,9337732,7266472,-11735118,6235357,1003898,-3937963,2599711,83226,-1052329,919063,379591,-260187,-105679,-6259,
-1937,-63459,-253257,116163,1001898,-494355,-827205,2779871,-2204744,-2126734,7825182,-8279464,-1249233,16836087,-24571095,10339495,24781628,-56710706,50077388,13152036,-107113506,160229384,-82860488,-211486888,1069678739,1369298198,23324789,-221608964,180366274,-57558205,-44086546,76219787,-47945494,575345,28384271,-27369533,8916622,7617955,-11815955,6115547,1147151,-3994061,2573654,127521,-1071897,910823,391341,-259396,-107694,-6533,
-1831,-61975,-252071,106302,1000826,-468865,-857226,2769753,-2121480,-2237825,7837254,-8084120,-1586681,17027135,-24285422,9553222,25559925,-56647411,48681131,15312689,-108277854,158292972,-77042393,-218262041,1055557697,1378683558,35152123,-226508621,179912111,-54843194,-46359037,76827551,-47183914,-527757,28990213,-27291105,8488169,7967442,-11890913,5991641,1290842,-4048480,2546082,172175,-1091056,902189,403122,-258505,-109727,-6817,
-1730,-60513,-250828,96552,999421,-443309,-886516,2758337,-2037746,-2346915,7845081,-7885705,-1921188,17207801,-23988082,8765986,26320008,-56553160,47265349,17452906,-109375104,156281907,-71232120,-224827075,1041311133,1387837095,47147580,-231328433,179353899,-52080653,-48618516,77395802,-46392083,-1636432,29583428,-27197216,8052566,8314729,-11959914,5863680,1434898,-4101178,2516995,217170,-1109793,893159,414928,-257511,-111779,-7110,
-1633,-59073,-249530,86917,997687,-417699,-915065,2745642,-1953589,-2453963,7848690,-7684344,-2252588,17378047,-23679304,7978225,27061555,-56428168,45830928,19571620,-110405057,154197794,-65432672,-231181604,1026943643,1396755747,59308476,-236065096,178691178,-49271808,-50863656,77924012,-45570279,-2750097,30163520,-27087830,7610010,8659611,-12022881,5731703,1579243,-4152114,2486396,262485,-1128094,883733,426757,-256414,-113847,-7413,
-1541,-57656,-248178,77397,995629,-392047,-942867,2731684,-1869056,-2558925,7848107,-7480168,-2580721,17537843,-23359324,7190375,27784257,-56272666,44378760,21667782,-111367550,152042267,-59647018,-237325321,1012459853,1405436527,71632055,-240715320,177923540,-46417918,-53093132,78411671,-44718801,-3868158,30730094,-26962920,7160705,9001884,-12079740,5595756,1723801,-4201246,2454288,308099,-1145947,873912,438602,-255211,-115932,-7725,
-1452,-56262,-246774,67995,993251,-366367,-969913,2716481,-1784196,-2661762,7843364,-7273304,-2905429,17687162,-23028379,6402871,28487815,-56086901,42909742,23740360,-112262458,149816987,-53878101,-243258005,997864421,1413876526,84115485,-245275823,177050632,-43520273,-55305620,78858287,-43837963,-4990019,31282763,-26822469,6704858,9341344,-12130421,5455884,1868498,-4248536,2420676,353993,-1163339,863695,450460,-253901,-118034,-8048,
-1368,-54890,-245319,58712,990557,-340671,-996197,2700052,-1699054,-2762435,7834490,-7063882,-3226556,17825986,-22686716,5616145,29171943,-55871138,41424775,25788342,-113089693,147523639,-48128827,-248979518,983162026,1422072912,96755860,-249743339,176072149,-40580196,-57499797,79263392,-42928098,-6115078,31821144,-26666465,6242682,9677788,-12174855,5312136,2013255,-4293942,2385564,400143,-1180257,853084,462327,-252482,-120152,-8382,
-1287,-53540,-243815,49551,987552,-314970,-1021712,2682417,-1613678,-2860907,7821521,-6852033,-3543951,17954301,-22334581,4830626,29836367,-55625652,39924766,27810735,-113849205,145163935,-42402070,-254489804,968357377,1430022934,109550204,-254114616,174987844,-37599041,-59674344,79626534,-41989557,-7242726,32344862,-26494908,5774395,10011013,-12212978,5164563,2157996,-4337427,2348958,446530,-1196690,842079,474198,-250954,-122285,-8726,
-1210,-52213,-242264,40513,984241,-289276,-1046452,2663593,-1528114,-2957141,7804492,-6637887,-3857463,18072100,-21972229,4046739,30480827,-55350738,38410623,29806565,-114540981,142739610,-36700671,-259788888,953455203,1437723922,122495466,-258386419,173797520,-34578192,-61827945,79947286,-41022710,-8372352,32853545,-26307804,5300218,10340816,-12244728,5013219,2302642,-4378952,2310864,493130,-1212624,830681,486068,-249315,-124433,-9080,
-1137,-50908,-240668,31598,980628,-263602,-1070411,2643603,-1442409,-3051103,7783441,-6421574,-4166947,18179379,-21599915,3264909,31105074,-55046703,36883257,31774877,-115165044,140252421,-31027433,-264876881,938460255,1445173287,135588527,-262555531,172501037,-31519063,-63959287,80225239,-40027942,-9503340,33346831,-26105169,4820378,10666994,-12270046,4858159,2447116,-4418481,2271290,539923,-1228047,818890,497932,-247562,-126596,-9446,
-1067,-49625,-239027,22810,976718,-237959,-1093585,2622465,-1356608,-3142761,7758406,-6203227,-4472259,18276145,-21217902,2485553,31708871,-54713869,35343584,33714737,-115721455,137704148,-25385123,-269753972,923377304,1452368524,148826198,-266618753,171098308,-28423098,-66067062,80460007,-39005658,-10635068,33824361,-25887029,4335106,10989347,-12288877,4699443,2591338,-4455976,2230245,586884,-1242947,806709,509787,-245696,-128773,-9824,
-1000,-48365,-237343,14150,972516,-212359,-1115968,2600201,-1270757,-3232082,7729430,-5982977,-4773259,18362405,-20826454,1709087,32291995,-54352572,33792520,35625233,-116210310,135096590,-19776470,-274420432,908211137,1459307210,162205222,-270572908,169589302,-25291770,-68149969,80651225,-37956278,-11766912,34285785,-25653415,3844639,11307674,-12301168,4537130,2735229,-4491401,2187736,633993,-1257312,794138,521626,-243713,-130963,-10212,
-937,-47126,-235619,5617,968027,-186813,-1137557,2576832,-1184901,-3319037,7696556,-5760954,-5069811,18438176,-20425840,935923,32854234,-53963162,32230981,37505473,-116631741,132431566,-14204164,-278876614,892966558,1465987008,175722272,-274414843,167974043,-22126581,-70206712,80798552,-36880243,-12898244,34730759,-25404371,3349215,11621775,-12306870,4371284,2878709,-4524723,2143775,681225,-1271130,781180,533446,-241614,-133166,-10613,
-877,-45910,-233855,-2785,963256,-161333,-1158346,2552379,-1099086,-3403598,7659829,-5537292,-5361781,18503479,-20016333,166470,33395390,-53546004,30659888,39354587,-116985918,129710915,-8670855,-283122948,877648384,1472405669,189373958,-278141427,166252611,-18929058,-72236002,80901666,-35778007,-14028434,35158947,-25139947,2849079,11931453,-12305937,4201971,3021698,-4555906,2098371,728558,-1284390,767835,545242,-239396,-135381,-11026,
-820,-44715,-232053,-11056,958208,-135929,-1178334,2526865,-1013355,-3485736,7619295,-5312122,-5649038,18558341,-19598207,-598871,33915278,-53101474,29080159,41171725,-117273043,126936492,-3179154,-287159948,862261443,1478561026,203156822,-281749554,164425143,-15700758,-74236558,80960270,-34650044,-15156848,35570021,-24860203,2344479,12236510,-12298326,4029259,3164115,-4584918,2051537,775967,-1297080,754107,557007,-237059,-137608,-11450,
-765,-43542,-230215,-19195,952888,-110614,-1197517,2500312,-927753,-3565428,7575004,-5085575,-5931458,18602793,-19171742,-1359701,34413725,-52629964,27492712,42956061,-117493356,124110167,2268373,-290988202,846810574,1484451004,217067342,-285236148,162491832,-12443263,-76207108,80974091,-33496843,-16282851,35963659,-24565208,1835667,12536750,-12284000,3853218,3305880,-4611726,2003285,823429,-1309189,739997,568738,-234601,-139845,-11888,
-714,-42391,-228342,-27200,947301,-85397,-1215892,2472742,-842324,-3642648,7527006,-4857783,-6208915,18636875,-18737218,-2115624,34890570,-52131875,25898466,44706792,-117647132,121233828,7669201,-294608381,831300625,1490073615,231101936,-288598159,160452926,-9158180,-78146388,80942878,-32318911,-17405803,36339547,-24255038,1322898,12831979,-12262921,3673920,3446912,-4636300,1953629,870920,-1320705,725508,580430,-232020,-142093,-12338,
-665,-41261,-226436,-35071,941452,-60289,-1233458,2444179,-757110,-3717375,7475352,-4628878,-6481291,18660628,-18294922,-2866253,35345666,-51607625,24298338,46423137,-117734678,118309376,13020849,-298021231,815736446,1495426960,245256956,-291832568,158308732,-5847143,-80053146,80866402,-31116770,-18525066,36697383,-23929781,806432,13122004,-12235059,3491441,3587128,-4658608,1902582,918416,-1331618,710642,592076,-229316,-144351,-12801,
-618,-40152,-224498,-42808,935348,-35302,-1250212,2414646,-672155,-3789587,7420096,-4398990,-6748469,18674103,-17845139,-3611202,35778878,-51057641,22693244,48104338,-117756337,115338724,18320879,-301227575,800122896,1500509230,259528698,-294936387,156059615,-2511808,-81926138,80744460,-29890959,-19639997,37036867,-23589531,286532,13406634,-12200383,3305857,3726449,-4678621,1850160,965891,-1341916,695403,603673,-226488,-146617,-13278,
-574,-39065,-222529,-50408,928992,-10445,-1266154,2384166,-587501,-3859265,7361293,-4168250,-7010336,18677352,-17388160,-4350094,36190086,-50482363,21084096,49749660,-117712486,112323800,23566901,-304228314,784464834,1505318707,273913394,-297906662,153705996,846144,-83764134,80576873,-28642033,-20749956,37357713,-23234393,-236534,13685679,-12158870,3117249,3864792,-4696312,1796379,1013322,-1351590,679793,615214,-223533,-148892,-13768,
-533,-37998,-220531,-57871,922392,14272,-1281283,2352764,-503190,-3926391,7299000,-3936788,-7266785,18670436,-16924277,-5082554,36579180,-49882243,19471806,51358392,-117603535,109266539,28756569,-307024423,768767118,1509853765,288407222,-300740472,151248353,4225011,-85565915,80363485,-27370563,-21854299,37659641,-22864479,-762499,13958952,-12110497,2925697,4002076,-4711652,1741255,1060682,-1360628,663816,626695,-220452,-151173,-14271,
-493,-36952,-218505,-65198,915551,38838,-1295598,2320464,-419262,-3990948,7233275,-3704735,-7517709,18653419,-16453783,-5808215,36946064,-49257744,17857280,52929849,-117429926,106168889,33887586,-309616953,753034609,1514112871,303006301,-303434934,148687224,7623065,-87330275,80104166,-26077136,-22952383,37942381,-22479911,-1291088,14226268,-12055247,2731285,4138219,-4724615,1684807,1107948,-1369021,647476,638110,-217243,-153462,-14789,
-456,-35927,-216454,-72386,908476,63244,-1309099,2287290,-335759,-4052922,7164178,-3472219,-7763006,18626371,-15976974,-6526716,37290655,-48609340,16241424,54463367,-117192136,103032805,38957701,-312007028,737272160,1518094582,317706697,-305987201,146023203,11038562,-89056022,79798809,-24762352,-24043565,38205672,-22080819,-1822025,14487444,-11993105,2534100,4273140,-4735176,1627052,1155094,-1376759,630775,649454,-213904,-155757,-15321,
-421,-34923,-214377,-79436,901172,87479,-1321787,2253266,-252720,-4112300,7091768,-3239369,-8002579,18589367,-15494150,-7237699,37612883,-47937516,14625136,55958308,-116890672,99860251,43964712,-314195845,721484621,1521797551,332504419,-308394464,143256942,14469734,-90741977,79447333,-23426828,-25127203,38449262,-21667343,-2355032,14742298,-11924061,2334229,4406757,-4743311,1568011,1202094,-1383832,613719,660721,-210436,-158056,-15867,
-388,-33938,-212277,-86347,893644,111535,-1333663,2218419,-170186,-4169069,7016109,-3006314,-8236334,18542486,-15005608,-7940815,37912689,-47242767,13009313,57414059,-116526072,96653198,48906467,-316184675,705676836,1525220524,347395426,-310653956,140389154,17914795,-92386978,79049682,-22071196,-26202653,38672910,-21239632,-2889826,14990652,-11848109,2131762,4538989,-4748996,1507703,1248923,-1390230,596310,671906,-206836,-160360,-16428,
-357,-32974,-210155,-93118,885899,135402,-1344728,2182772,-88195,-4223218,6937265,-2773179,-8464181,18485815,-14511650,-8635720,38190029,-46525598,11394844,58830031,-116098908,93413619,53780863,-317974858,689853637,1528362341,362375625,-312762952,137420606,21371939,-93989879,78605824,-20696102,-27269276,38876382,-20797841,-3426123,15232330,-11765246,1926792,4669754,-4752211,1446149,1295554,-1395944,578554,683004,-203105,-162667,-17004,
-328,-32030,-208012,-99750,877941,159070,-1354983,2146352,-6786,-4274740,6855299,-2540093,-8686032,18419441,-14012578,-9322078,38444871,-45786523,9782615,60205662,-115609781,90143497,58585849,-319567807,674019849,1531221939,377440874,-314718768,134352125,24839343,-95549548,78115755,-19302206,-28326433,39059457,-20342137,-3963636,15467159,-11675471,1719412,4798972,-4752934,1383372,1341962,-1400966,560456,694009,-199241,-164977,-17595,
-300,-31105,-205850,-106242,869777,182532,-1364431,2109183,74004,-4323626,6770279,-2307179,-8901806,18343461,-13508694,-9999557,38677194,-45026068,8173504,61540411,-115059321,86844814,63319422,-320965004,658180281,1533798347,392586982,-316518767,131184598,28315167,-97064872,77579494,-17890182,-29373485,39221922,-19872693,-4502076,15694966,-11578790,1509720,4926561,-4751145,1319394,1388122,-1405287,542019,704915,-195243,-167288,-18201,
-274,-30200,-203669,-112594,861412,205778,-1373074,2071292,154137,-4369870,6682271,-2074564,-9111423,18257973,-13000304,-10667835,38886993,-44244766,6568384,62833768,-114448191,83519556,67979635,-322167997,642339729,1536090693,407809713,-318160355,127918967,31797554,-98534756,76997086,-16460718,-30409797,39363575,-19389693,-5041151,15915586,-11475211,1297812,5052442,-4746826,1254238,1434006,-1408898,523249,715718,-191110,-169600,-18824,
-250,-29315,-201472,-118805,852852,228800,-1380915,2032705,233578,-4413468,6591344,-1842369,-9314808,18163081,-12487712,-11326593,39074271,-43443158,4968121,64085244,-113777080,80169711,72564592,-323178406,626502974,1538098199,423104783,-319640989,124556234,35284633,-99958124,76368603,-15014516,-31434738,39484225,-18893328,-5580568,16128852,-11364747,1083789,5176533,-4739961,1187930,1479588,-1411791,504151,726410,-186843,-171911,-19462,
-227,-28448,-199259,-124876,844103,251589,-1387957,1993446,312289,-4454417,6497567,-1610719,-9511890,18058893,-11971223,-11975522,39239046,-42621796,3373573,65294377,-113046707,76797267,77072447,-323997914,610674777,1539820185,438467867,-320958170,121097457,38774517,-101333918,75694142,-13552288,-32447676,39583690,-18383798,-6120031,16334602,-11247413,867752,5298756,-4730532,1120494,1524843,-1413958,484730,736987,-182439,-174222,-20116,
-206,-27601,-197032,-130807,835169,274137,-1394203,1953543,390237,-4492714,6401010,-1379734,-9702603,17945523,-11451143,-12614320,39381350,-41781236,1785591,66460732,-112257820,73404210,81501412,-324628271,594859881,1541256067,453894597,-322109453,117543754,42265306,-102661100,74973827,-12074763,-33447986,39661802,-17861311,-6659243,16532678,-11123229,649806,5419030,-4718527,1051957,1569743,-1415392,464993,747444,-177899,-176530,-20787,
-186,-26772,-194791,-136598,826058,296437,-1399658,1913021,467387,-4528361,6301747,-1149534,-9886882,17823087,-10927778,-13242690,39501224,-40922046,205018,67583898,-111411193,69992526,85849750,-325071292,579063004,1542405357,469380565,-323092442,113896300,45755089,-103938654,74207805,-10582679,-34435044,39718401,-17326083,-7197906,16722925,-10992221,430055,5537278,-4703930,982345,1614263,-1416085,444945,757773,-173222,-178835,-21474,
-168,-25961,-192538,-142248,816774,318480,-1404325,1871907,543705,-4561358,6199847,-920238,-10064669,17691707,-10401434,-13860345,39598723,-40044799,-1367313,68663492,-110507627,66564197,90115781,-325328853,563288845,1543267666,484921325,-323904795,110156326,49241940,-105165584,73396253,-9076788,-35408233,39753338,-16778341,-7735718,16905190,-10854415,208606,5653419,-4686730,911685,1658376,-1416031,424591,767971,-168406,-181135,-22179,
-151,-25169,-190275,-147759,807324,340259,-1408211,1830226,619157,-4591707,6095386,-691965,-10235908,17551509,-9872416,-14467004,39673913,-39150074,-2930576,69699155,-109547950,63121202,94297877,-325402896,547542074,1543842702,500512392,-324544222,106325122,52723926,-106340918,72539371,-7557852,-36366937,39766478,-16218316,-8272378,17079324,-10709842,-14431,5767378,-4666917,840007,1702055,-1415222,403940,778030,-163453,-183431,-22900,
-651,-24395,-188002,-153130,797713,361767,-1411318,1788007,693713,-4619413,5988438,-464829,-10400548,17402623,-9341031,-15062395,39726873,-38238459,-4483956,70690556,-108533017,59665514,98394466,-325295421,531827336,1544130268,516149247,-325008490,102404035,56199102,-107463705,71637388,-6026647,-37310547,39757694,-15646251,-8807584,17245182,-10558540,-238947,5879076,-4644480,767340,1745274,-1413654,382996,787946,-158361,-185720,-23639,
